0;T04;LB;0.0;0.0;0.5832274;2.1219554;0.0;0.0
1;T04;LB;0.0;0.0;0.5825129;2.1119442;0.0;0.0
2;T04;LB;0.0;0.0;4.4795146;6.0112;0.0;0.0
3;T04;LB;0.0;0.0;6.054326;1.3345745;0.0;0.0
4;T04;LB;0.0;0.0;2.9213414;4.4609876;0.0;0.0
5;T04;LB;0.0;0.0;1.34588;2.8369968;0.0;0.0
6;T04;LB;0.0;0.0;2.154391;3.7056592;0.0;0.0
7;T04;LB;0.0;0.0;6.0482335;1.3240101;0.0;0.0
8;T04;LB;0.0;0.0;3.7021427;5.2273083;0.0;0.0
9;T04;LB;0.0;0.0;0.5751963;2.1284213;0.0;0.0
10;T04;LB;0.0;0.0;4.4966106;6.0261316;0.0;0.0
11;T04;LB;0.0;0.0;0.58376276;2.1059303;0.0;0.0
12;T04;LB;0.0;0.0;4.4924335;6.0377154;0.0;0.0
13;T04;LB;0.0;0.0;3.7229705;5.248378;0.0;0.0
14;T04;LB;0.0;0.0;2.1504712;3.7075708;0.0;0.0
15;T04;LB;0.0;0.0;6.0239244;1.2827699;0.0;0.0
16;T04;LB;0.0;0.0;4.4881506;6.0258403;0.0;0.0
17;T04;LB;0.0;0.0;1.3482224;2.8573534;0.0;0.0
18;T04;LB;0.0;0.0;6.049014;1.3380752;0.0;0.0
19;T04;LB;0.0;0.0;4.4838285;6.0129013;0.0;0.0
20;T04;LB;0.0;0.0;2.132498;3.678113;0.0;0.0
21;T04;LB;0.0;0.0;4.485999;6.01913;0.0;0.0
22;T04;LB;0.0;0.0;1.3392456;2.8587782;0.0;0.0
23;T04;LB;0.0;0.0;6.0514727;1.3297682;0.0;0.0
24;T04;LB;0.0;0.0;5.2859707;0.5663587;0.0;0.0
25;T04;LB;0.0;0.0;0.57235056;2.0929027;0.0;0.0
26;T04;LB;0.0;0.0;0.5851854;2.1271477;0.0;0.0
27;T04;LB;0.0;0.0;3.7150319;5.252437;0.0;0.0
28;T04;LB;0.0;0.0;3.7111506;5.2348013;0.0;0.0
29;T04;LB;0.0;0.0;2.147557;3.683006;0.0;0.0
30;T04;LB;0.0;0.0;0.5780784;2.117201;0.0;0.0
31;T04;LB;0.0;0.0;2.158658;3.6980731;0.0;0.0
32;T04;LB;0.0;0.0;2.9050627;4.433868;0.0;0.0
33;T04;LB;0.0;0.0;2.154025;3.696501;0.0;0.0
34;T04;LB;0.0;0.0;0.5767387;2.1005154;0.0;0.0
35;T04;LB;0.0;0.0;5.283095;0.5697804;0.0;0.0
36;T04;LB;0.0;0.0;5.268408;0.5551682;0.0;0.0
37;T04;LB;0.0;0.0;2.1527233;3.698965;0.0;0.0
38;T04;LB;0.0;0.0;2.9097075;4.4268255;0.0;0.0
39;T04;LB;0.0;0.0;3.7214603;5.2553773;0.0;0.0
40;T04;LB;0.0;0.0;4.487022;6.0288835;0.0;0.0
41;T04;LB;0.0;0.0;6.0520396;1.3196778;0.0;0.0
42;T04;LB;0.0;0.0;4.4657316;6.0112653;0.0;0.0
43;T04;LB;0.0;0.0;0.5753765;2.1257625;0.0;0.0
44;T04;LB;0.0;0.0;1.3427278;2.8520231;0.0;0.0
45;T04;LB;0.0;0.0;3.7170916;5.259271;0.0;0.0
46;T04;LB;0.0;0.0;5.295035;0.56951517;0.0;0.0
47;T04;LB;0.0;0.0;1.3452847;2.8481493;0.0;0.0
48;T04;LB;0.0;0.0;3.71585;5.252684;0.0;0.0
49;T04;LB;0.0;0.0;6.049159;1.3019233;0.0;0.0
50;T04;LB;0.0;0.0;3.7187088;5.256049;0.0;0.0
51;T04;LB;0.0;0.0;3.7170496;5.2699165;0.0;0.0
52;T04;LB;0.0;0.0;5.2892985;0.5855391;0.0;0.0
53;T04;LB;0.0;0.0;3.7215216;5.2423644;0.0;0.0
54;T04;LB;0.0;0.0;0.58105224;2.1243606;0.0;0.0
55;T04;LB;0.0;0.0;1.350536;2.8571117;0.0;0.0
56;T04;LB;0.0;0.0;5.2805576;0.56586534;0.0;0.0
57;T04;LB;0.0;0.0;6.053319;1.3017145;0.0;0.0
58;T04;LB;0.0;0.0;4.482709;6.02729;0.0;0.0
59;T04;LB;0.0;0.0;3.7148223;5.2593117;0.0;0.0
60;T04;LB;0.0;0.0;4.448723;5.9914675;0.0;0.0
61;T04;LB;0.0;0.0;2.1422324;3.683195;0.0;0.0
62;T04;LB;0.0;0.0;2.9100206;4.4244165;0.0;0.0
63;T04;LB;0.0;0.0;2.157536;3.6952994;0.0;0.0
64;T04;LB;0.0;0.0;5.2891755;0.58237386;0.0;0.0
65;T04;LB;0.0;0.0;3.719668;5.239785;0.0;0.0
66;T04;LB;0.0;0.0;0.5859491;2.134572;0.0;0.0
67;T04;LB;0.0;0.0;5.2857804;0.57251596;0.0;0.0
68;T04;LB;0.0;0.0;6.0518603;1.3132874;0.0;0.0
69;T04;LB;0.0;0.0;2.881932;4.4081326;0.0;0.0
70;T04;LB;0.0;0.0;1.3422331;2.847609;0.0;0.0
71;T04;LB;0.0;0.0;6.0533214;1.328071;0.0;0.0
72;T04;LB;0.0;0.0;1.341133;2.8758237;0.0;0.0
73;T04;LB;0.0;0.0;6.0591683;1.3367428;0.0;0.0
74;T04;LB;0.0;0.0;1.3372595;2.835734;0.0;0.0
75;T04;LB;0.0;0.0;4.4822774;6.011302;0.0;0.0
76;T04;LB;0.0;0.0;2.9122674;4.456741;0.0;0.0
77;T04;LB;0.0;0.0;0.57501155;2.1028686;0.0;0.0
78;T04;LB;0.0;0.0;2.9006584;4.431647;0.0;0.0
79;T04;LB;0.0;0.0;1.3499583;2.87027;0.0;0.0
80;T04;LB;0.0;0.0;2.910736;4.4480276;0.0;0.0
81;T04;LB;0.0;0.0;2.9217324;4.4474945;0.0;0.0
82;T04;LB;0.0;0.0;5.280222;0.5736441;0.0;0.0
83;T04;LB;0.0;0.0;1.3395256;2.84064;0.0;0.0
84;T04;LB;0.0;0.0;1.3396819;2.85672;0.0;0.0
85;T04;LB;0.0;0.0;1.3424876;2.8617802;0.0;0.0
86;T04;LB;0.0;0.0;1.34329;2.8608773;0.0;0.0
87;T04;LB;0.0;0.0;3.7156835;5.25459;0.0;0.0
88;T04;LB;0.0;0.0;0.5807277;2.1255465;0.0;0.0
89;T04;LB;0.0;0.0;5.280739;0.58320147;0.0;0.0
90;T04;LB;0.0;0.0;3.7268379;5.26621;0.0;0.0
91;T04;LB;0.0;0.0;5.28756;0.5571435;0.0;0.0
92;T04;LB;0.0;0.0;0.5720169;2.1078653;0.0;0.0
93;T04;LB;0.0;0.0;2.9110236;4.4360113;0.0;0.0
94;T04;LB;0.0;0.0;0.57433593;2.10927;0.0;0.0
95;T04;LB;0.0;0.0;0.5785421;2.112978;0.0;0.0
96;T04;LB;0.0;0.0;4.4885983;6.022974;0.0;0.0
97;T04;LB;0.0;0.0;0.57499534;2.1164618;0.0;0.0
98;T04;LB;0.0;0.0;2.9108994;4.443795;0.0;0.0
99;T04;LB;0.0;0.0;2.1304774;3.6759405;0.0;0.0
100;T04;LB;0.0;0.0;5.2768936;0.5581218;0.0;0.0
101;T04;LB;0.0;0.0;1.3385769;2.8622801;0.0;0.0
102;T04;LB;0.0;0.0;2.9103878;4.4474735;0.0;0.0
103;T04;LB;0.0;0.0;6.0537324;1.3314264;0.0;0.0
104;T04;LB;0.0;0.0;3.7212007;5.252595;0.0;0.0
105;T04;LB;0.0;0.0;4.462623;5.986791;0.0;0.0
106;T04;LB;0.0;0.0;5.2864766;0.5568593;0.0;0.0
107;T04;LB;0.0;0.0;5.2867804;0.55506814;0.0;0.0
108;T04;LB;0.0;0.0;5.293925;0.5869024;0.0;0.0
109;T04;LB;0.0;0.0;6.0564723;1.3192025;0.0;0.0
110;T04;LB;0.0;0.0;2.9130647;4.4482965;0.0;0.0
111;T04;LB;0.0;0.0;4.4811506;6.006526;0.0;0.0
112;T04;LB;0.0;0.0;3.6962473;5.2406588;0.0;0.0
113;T04;LB;0.0;0.0;3.7129884;5.2416797;0.0;0.0
114;T04;LB;0.0;0.0;3.7016575;5.2300463;0.0;0.0
115;T04;LB;0.0;0.0;6.0576057;1.3290392;0.0;0.0
116;T04;LB;0.0;0.0;3.7183108;5.249489;0.0;0.0
117;T04;LB;0.0;0.0;0.57471764;2.1079047;0.0;0.0
118;T04;LB;0.0;0.0;0.5815488;2.120843;0.0;0.0
119;T04;LB;0.0;0.0;1.3490916;2.8585198;0.0;0.0
120;T04;LB;0.0;0.0;4.4633636;5.9938817;0.0;0.0
121;T04;LB;0.0;0.0;5.2918744;0.56900245;0.0;0.0
122;T04;LB;0.0;0.0;3.7200842;5.254817;0.0;0.0
123;T04;LB;0.0;0.0;3.727951;5.268703;0.0;0.0
124;T04;LB;0.0;0.0;2.914168;4.4279275;0.0;0.0
125;T04;LB;0.0;0.0;5.287174;0.5644517;0.0;0.0
126;T04;LB;0.0;0.0;3.716724;5.2689724;0.0;0.0
127;T04;LB;0.0;0.0;4.4902096;6.024078;0.0;0.0
128;T04;LB;0.0;0.0;1.3508108;2.8482044;0.0;0.0
129;T04;LB;0.0;0.0;4.482413;6.0282936;0.0;0.0
130;T04;LB;0.0;0.0;0.59040785;2.1283562;0.0;0.0
131;T04;LB;0.0;0.0;4.4937525;6.0244813;0.0;0.0
132;T04;LB;0.0;0.0;4.4877377;6.0270834;0.0;0.0
133;T04;LB;0.0;0.0;0.5789443;2.091785;0.0;0.0
134;T04;LB;0.0;0.0;0.5756404;2.117354;0.0;0.0
135;T04;LB;0.0;0.0;2.1515079;3.693379;0.0;0.0
136;T04;LB;0.0;0.0;6.0486484;1.3247616;0.0;0.0
137;T04;LB;0.0;0.0;5.267984;0.5681144;0.0;0.0
138;T04;LB;0.0;0.0;2.158276;3.692416;0.0;0.0
139;T04;LB;0.0;0.0;0.58144915;2.1150417;0.0;0.0
140;T04;LB;0.0;0.0;3.7070832;5.2375927;0.0;0.0
141;T04;LB;0.0;0.0;2.1460705;3.6842468;0.0;0.0
142;T04;LB;0.0;0.0;4.485262;6.027425;0.0;0.0
143;T04;LB;0.0;0.0;0.5799085;2.1024454;0.0;0.0
144;T04;LB;0.0;0.0;1.3484282;2.8440254;0.0;0.0
145;T04;LB;0.0;0.0;2.110571;3.6248193;0.0;0.0
146;T04;LB;0.0;0.0;2.909754;4.4277477;0.0;0.0
147;T04;LB;0.0;0.0;5.29089;0.56949735;0.0;0.0
148;T04;LB;0.0;0.0;3.7199664;5.2559967;0.0;0.0
149;T04;LB;0.0;0.0;0.5735711;2.111015;0.0;0.0
150;T04;LB;0.0;0.0;6.0490074;1.311761;0.0;0.0
151;T04;LB;0.0;0.0;3.717416;5.231059;0.0;0.0
152;T04;LB;0.0;0.0;2.9150205;4.4336405;0.0;0.0
153;T04;LB;0.0;0.0;2.8983023;4.4275427;0.0;0.0
154;T04;LB;0.0;0.0;1.3547184;2.872863;0.0;0.0
155;T04;LB;0.0;0.0;1.3455172;2.8550773;0.0;0.0
156;T04;LB;0.0;0.0;1.3590636;2.861099;0.0;0.0
157;T04;LB;0.0;0.0;6.0502043;1.3097931;0.0;0.0
158;T04;LB;0.0;0.0;3.718351;5.2266946;0.0;0.0
159;T04;LB;0.0;0.0;4.4798107;6.017927;0.0;0.0
160;T04;LB;0.0;0.0;6.0539417;1.3182079;0.0;0.0
161;T04;LB;0.0;0.0;3.7235112;5.247107;0.0;0.0
162;T04;LB;0.0;0.0;3.7212086;5.253723;0.0;0.0
163;T04;LB;0.0;0.0;3.7193964;5.253364;0.0;0.0
164;T04;LB;0.0;0.0;0.56343764;2.0915842;0.0;0.0
165;T04;LB;0.0;0.0;1.3383125;2.8452425;0.0;0.0
166;T04;LB;0.0;0.0;3.7132273;5.2251496;0.0;0.0
167;T04;LB;0.0;0.0;2.9137123;4.4434004;0.0;0.0
168;T04;LB;0.0;0.0;2.8817778;4.412961;0.0;0.0
169;T04;LB;0.0;0.0;2.161252;3.7095532;0.0;0.0
170;T04;LB;0.0;0.0;4.485794;6.023533;0.0;0.0
171;T04;LB;0.0;0.0;2.9187996;4.456471;0.0;0.0
172;T04;LB;0.0;0.0;5.2808847;0.5796869;0.0;0.0
173;T04;LB;0.0;0.0;4.4658213;6.005049;0.0;0.0
174;T04;LB;0.0;0.0;0.5729258;2.0935006;0.0;0.0
175;T04;LB;0.0;0.0;0.5849024;2.1131408;0.0;0.0
176;T04;LB;0.0;0.0;1.3552337;2.8565993;0.0;0.0
177;T04;LB;0.0;0.0;1.3465041;2.8532522;0.0;0.0
178;T04;LB;0.0;0.0;0.5887844;2.1227398;0.0;0.0
179;T04;LB;0.0;0.0;6.049871;1.3249465;0.0;0.0
180;T04;LB;0.0;0.0;2.1438313;3.6808255;0.0;0.0
181;T04;LB;0.0;0.0;2.129669;3.667893;0.0;0.0
182;T04;LB;0.0;0.0;3.7170057;5.245054;0.0;0.0
183;T04;LB;0.0;0.0;2.915169;4.453648;0.0;0.0
184;T04;LB;0.0;0.0;1.3472934;2.8591223;0.0;0.0
185;T04;LB;0.0;0.0;3.7079973;5.248178;0.0;0.0
186;T04;LB;0.0;0.0;1.3526078;2.8592997;0.0;0.0
187;T04;LB;0.0;0.0;3.712419;5.2492847;0.0;0.0
188;T04;LB;0.0;0.0;1.343479;2.836851;0.0;0.0
189;T04;LB;0.0;0.0;4.479854;6.0177855;0.0;0.0
190;T04;LB;0.0;0.0;2.1553197;3.7056563;0.0;0.0
191;T04;LB;0.0;0.0;5.28584;0.56609714;0.0;0.0
192;T04;LB;0.0;0.0;5.2858977;0.5674306;0.0;0.0
193;T04;LB;0.0;0.0;4.4818335;6.0096974;0.0;0.0
194;T04;LB;0.0;0.0;2.1509018;3.7085512;0.0;0.0
195;T04;LB;0.0;0.0;4.4860144;6.0137525;0.0;0.0
196;T04;LB;0.0;0.0;2.9178066;4.46008;0.0;0.0
197;T04;LB;0.0;0.0;5.2838926;0.5965637;0.0;0.0
198;T04;LB;0.0;0.0;0.5821477;2.1181283;0.0;0.0
199;T04;LB;0.0;0.0;2.1419303;3.6779206;0.0;0.0
200;T04;LB;0.0;0.0;4.486907;6.023805;0.0;0.0
201;T04;LB;0.0;0.0;5.2816687;0.56281704;0.0;0.0
202;T04;LB;0.0;0.0;2.1555228;3.6933558;0.0;0.0
203;T04;LB;0.0;0.0;2.150403;3.6830752;0.0;0.0
204;T04;LB;0.0;0.0;6.0552;1.3367549;0.0;0.0
205;T04;LB;0.0;0.0;5.2843494;0.5819309;0.0;0.0
206;T04;LB;0.0;0.0;3.7197292;5.2581296;0.0;0.0
207;T04;LB;0.0;0.0;3.7203581;5.2547574;0.0;0.0
208;T04;LB;0.0;0.0;0.5707332;2.1049294;0.0;0.0
209;T04;LB;0.0;0.0;4.4801354;6.0180235;0.0;0.0
210;T04;LB;0.0;0.0;1.3438377;2.849211;0.0;0.0
211;T04;LB;0.0;0.0;6.050143;1.3119817;0.0;0.0
212;T04;LB;0.0;0.0;6.04801;1.2920835;0.0;0.0
213;T04;LB;0.0;0.0;3.7026289;5.252874;0.0;0.0
214;T04;LB;0.0;0.0;3.7244768;5.256017;0.0;0.0
215;T04;LB;0.0;0.0;0.57665837;2.0954933;0.0;0.0
216;T04;LB;0.0;0.0;6.040164;1.3144107;0.0;0.0
217;T04;LB;0.0;0.0;1.3462437;2.8638349;0.0;0.0
218;T04;LB;0.0;0.0;2.1508205;3.694116;0.0;0.0
219;T04;LB;0.0;0.0;1.3329369;2.8464963;0.0;0.0
220;T04;LB;0.0;0.0;0.5771367;2.1154733;0.0;0.0
221;T04;LB;0.0;0.0;1.3556405;2.8453314;0.0;0.0
222;T04;LB;0.0;0.0;5.2809653;0.5718333;0.0;0.0
223;T04;LB;0.0;0.0;2.1468446;3.7026055;0.0;0.0
224;T04;LB;0.0;0.0;3.6972413;5.212303;0.0;0.0
225;T04;LB;0.0;0.0;2.9097044;4.451593;0.0;0.0
226;T04;LB;0.0;0.0;0.5862133;2.1289363;0.0;0.0
227;T04;LB;0.0;0.0;5.2799253;0.56175405;0.0;0.0
228;T04;LB;0.0;0.0;2.145201;3.700226;0.0;0.0
229;T04;LB;0.0;0.0;2.907043;4.43531;0.0;0.0
230;T04;LB;0.0;0.0;0.5741343;2.1060774;0.0;0.0
231;T04;LB;0.0;0.0;4.4826202;6.0105;0.0;0.0
232;T04;LB;0.0;0.0;4.485133;6.033241;0.0;0.0
233;T04;LB;0.0;0.0;3.7246032;5.272878;0.0;0.0
234;T04;LB;0.0;0.0;5.285846;0.557691;0.0;0.0
235;T04;LB;0.0;0.0;3.7278605;5.243787;0.0;0.0
236;T04;LB;0.0;0.0;6.049468;1.314025;0.0;0.0
237;T04;LB;0.0;0.0;6.053656;1.3333056;0.0;0.0
238;T04;LB;0.0;0.0;1.3421487;2.8392453;0.0;0.0
239;T04;LB;0.0;0.0;5.294203;0.57960486;0.0;0.0
240;T04;LB;0.0;0.0;0.5747902;2.1187625;0.0;0.0
241;T04;LB;0.0;0.0;3.7183003;5.253726;0.0;0.0
242;T04;LB;0.0;0.0;0.5407548;2.0580745;0.0;0.0
243;T04;LB;0.0;0.0;4.4848623;6.0202246;0.0;0.0
244;T04;LB;0.0;0.0;5.2924194;0.5677571;0.0;0.0
245;T04;LB;0.0;0.0;2.9167333;4.4457297;0.0;0.0
246;T04;LB;0.0;0.0;3.7214696;5.2577586;0.0;0.0
