1 8.274828950217156
2 5.545965662014035
3 17.566002592903764
4 357.3576742669499
5 8.734652491048836
6 2.6248869127303465
7 4.705068323717204
8 350.9266295104909
9 358.1144715526421
10 24.243994820086304
11 358.26553470950824
13 17.580356016072926
14 23.14621936199715
15 21.995939965256856
16 11.795564765783244
17 12.760654700532077
18 23.83154944707759
19 18.325602590561434
20 23.070276474489994
21 357.6232679810024
22 12.64080146724918
23 351.70208800645855
24 23.045027210222226
25 10.537948296072456
26 23.768410791462255
27 358.7341563259319
28 16.015666031378746
29 10.073680204654087
30 1.3228178828880965
31 21.79617913931801
32 350.77275004750584
33 2.2353986284655245
34 348.31457171587795
35 350.86100762385723
36 353.4138471397938
37 13.09143896157442
38 359.8621026254679
39 22.505282422358302
40 8.866209370171294
41 355.56074194959905
42 337.4046343362624
43 10.525446772179592
44 36.014239276085526
45 11.206037395745028
46 7.146446893312266
47 6.850854139471151
48 354.78470057027033
49 5.519135387461605
50 26.15830909014059
51 19.869695736220677
52 353.3116368498367
53 1.5794584122421025
54 20.539406239166834
55 1.2196707246935075
