1 355.3787769467419
2 4.1040668286159185
3 21.88825657866752
4 7.56226231797769
5 17.056072456709977
6 25.066417525119203
7 14.881448133040665
8 19.954803324211767
9 13.302311935605244
10 1.224770295273706
11 0.9799712689134389
12 12.991612426527796
13 347.2138022084906
14 337.0329204248186
15 17.159767425525448
16 12.97255372704478
17 356.85017372495173
18 358.04760181957346
19 353.61179860095
20 2.493477512694519
21 9.379866577977964
22 9.965074330474408
23 31.259629414974313
24 17.918182260483928
25 19.35830727634586
26 350.9815210746539
27 10.381086707607288
28 351.90769380277084
29 25.527733204161336
30 351.58973117095775
31 7.84866092961061
32 25.364925333851797
33 8.174704542999857
34 347.6101307000439
35 356.99720845240336
36 340.26958200356955
37 8.006117125763705
38 0.558877363915057
39 5.290939970717215
40 9.378531158860499
41 350.7911926837654
42 2.7559458238883683
43 29.925736531787297
44 31.716135533656296
45 349.73792763919135
46 346.39283326887806
47 15.006762585242496
48 5.862915570797975
49 8.64835239269494
50 353.6804422059493
51 14.746513391098063
52 347.9409544028307
53 16.243035011094936
54 12.615632261594408
55 19.68393328257757
56 353.88833884202757
57 15.115062587492854
58 28.465261622062336
59 7.310773052703884
60 24.221893553988114
61 4.314460127911982
62 10.266038114415053
63 11.366644852691087
64 354.46685088484486
65 22.101983955372862
66 1.6628132495691765
67 19.028464969217126
68 28.862290918013812
69 349.549928484975
70 5.391737381728802
71 6.33321910734848
72 1.0288182446493215
73 41.30074475740279
74 355.08667892345045
75 6.867964135559914
76 356.6309895970472
77 352.3188073380399
78 33.501666369048046
79 35.31934981293442
80 7.511286304589319
81 23.533930111024873
82 358.5535645791067
83 17.89082519009613
84 355.47996205683006
85 21.947097921160182
86 5.405370137134982
87 345.8618311560281
88 20.744498992534016
89 356.40674692896783
90 352.84681446262573
91 13.49448396547206
92 11.501792166434164
93 0.17366759678214796
94 5.024517764670464
95 13.308330515780838
96 0.16113318791885914
97 9.790714404270185
98 359.8592174309293
99 355.06449000597655
100 15.204811276322891
101 2.7813647229068605
102 12.180058283725488
103 357.8510048990139
104 24.676292457454302
105 22.242400819707715
106 350.8559334080212
107 21.21687711958273
108 12.656887820297866
109 10.661051336839064
110 13.777047590640391
111 30.53475132394243
112 350.4686325883656
113 0.3408386890578329
114 353.0481018327648
115 18.50436410409503
116 27.304168517053405
117 19.088838326501357
118 11.660384586326762
119 13.24948976292321
120 14.46425642061721
121 355.77629668924016
122 24.750405875507674
123 10.880524057036611
124 349.2327546146908
125 345.82801316665655
126 23.77951216210003
127 32.51912443270587
128 12.970780940077704
129 355.59683044312646
130 14.165551465387576
131 339.71492308160475
132 24.294461912788954
133 359.96776472248143
134 23.02812987355559
135 8.890102175206547
136 1.3918450575280148
137 7.712492453296485
138 15.81895473799042
139 2.339864444680654
140 1.8344666270470098
141 15.335804131503275
142 356.16793625802393
143 355.4220368544215
144 13.95433470003464
145 23.76014510157968
146 34.03545637721713
147 23.1426372534162
148 25.591960528451867
149 2.544320810899178
150 15.653606423401408
151 3.033638945677754
152 0.7260891358977233
153 355.1517789806067
154 1.0142976421280712
155 353.9186315930972
156 339.66678934575253
157 350.1281488735349
158 11.437810756146286
159 20.429255122948817
160 23.575180922623073
161 351.4355111721472
162 345.1411147668341
163 350.70827230337756
